overhead ratio: 11.669204
total_elapsed_virtual_time: 0.200000
elapsed_time: 2.333841
