overhead ratio: 6.778705
total_elapsed_virtual_time: 0.200000
elapsed_time: 1.355741
