overhead ratio: 3.530040
total_elapsed_virtual_time: 0.050000
elapsed_time: 0.176502
