overhead ratio: 535.621535
total_elapsed_virtual_time: 0.200000
elapsed_time: 107.124307
