overhead ratio: 361.432385
total_elapsed_virtual_time: 0.200000
elapsed_time: 72.286477
