overhead ratio: 236.720656
total_elapsed_virtual_time: 1.000000
elapsed_time: 236.720656
