overhead ratio: 9.297554
total_elapsed_virtual_time: 1.000000
elapsed_time: 9.297554
