overhead ratio: 1.643674
total_elapsed_virtual_time: 0.200000
elapsed_time: 0.328735
