overhead ratio: 785.474344
total_elapsed_virtual_time: 0.200000
elapsed_time: 157.094869
