overhead ratio: 11.324826
total_elapsed_virtual_time: 2.000000
elapsed_time: 22.649653
