overhead ratio: 17.769901
total_elapsed_virtual_time: 0.200000
elapsed_time: 3.553980
