overhead ratio: 5.834703
total_elapsed_virtual_time: 0.050000
elapsed_time: 0.291735
