overhead ratio: 14.225421
total_elapsed_virtual_time: 0.050000
elapsed_time: 0.711271
