overhead ratio: 17.375340
total_elapsed_virtual_time: 0.200000
elapsed_time: 3.475068
