overhead ratio: 48.429093
total_elapsed_virtual_time: 1.000000
elapsed_time: 48.429093
