overhead ratio: 2.273690
total_elapsed_virtual_time: 0.200000
elapsed_time: 0.454738
