overhead ratio: 100.445826
total_elapsed_virtual_time: 1.000000
elapsed_time: 100.445826
