overhead ratio: 37.501374
total_elapsed_virtual_time: 0.200000
elapsed_time: 7.500275
