overhead ratio: 16.956100
total_elapsed_virtual_time: 0.200000
elapsed_time: 3.391220
