overhead ratio: 255.364908
total_elapsed_virtual_time: 2.000000
elapsed_time: 510.729816
