overhead ratio: 92.818799
total_elapsed_virtual_time: 0.050000
elapsed_time: 4.640940
