overhead ratio: 2.218800
total_elapsed_virtual_time: 0.050000
elapsed_time: 0.110940
