overhead ratio: 2.924261
total_elapsed_virtual_time: 0.050000
elapsed_time: 0.146213
