overhead ratio: 7.496830
total_elapsed_virtual_time: 0.200000
elapsed_time: 1.499366
