overhead ratio: 47.033767
total_elapsed_virtual_time: 1.000000
elapsed_time: 47.033767
