overhead ratio: 138.461969
total_elapsed_virtual_time: 2.000000
elapsed_time: 276.923938
