overhead ratio: 6.775479
total_elapsed_virtual_time: 0.050000
elapsed_time: 0.338774
