overhead ratio: 2.828736
total_elapsed_virtual_time: 0.050000
elapsed_time: 0.141437
