overhead ratio: 37.252970
total_elapsed_virtual_time: 0.200000
elapsed_time: 7.450594
