overhead ratio: 4.540931
total_elapsed_virtual_time: 2.000000
elapsed_time: 9.081862
