overhead ratio: 11.551274
total_elapsed_virtual_time: 2.000000
elapsed_time: 23.102547
