overhead ratio: 2.683039
total_elapsed_virtual_time: 0.050000
elapsed_time: 0.134152
