overhead ratio: 1.137522
total_elapsed_virtual_time: 2.000000
elapsed_time: 2.275045
