overhead ratio: 7.749640
total_elapsed_virtual_time: 0.200000
elapsed_time: 1.549928
