overhead ratio: 21.267939
total_elapsed_virtual_time: 0.050000
elapsed_time: 1.063397
