overhead ratio: 57.770474
total_elapsed_virtual_time: 0.200000
elapsed_time: 11.554095
