overhead ratio: 6.654819
total_elapsed_virtual_time: 0.200000
elapsed_time: 1.330964
