overhead ratio: 11.568685
total_elapsed_virtual_time: 0.050000
elapsed_time: 0.578434
