overhead ratio: 498.298840
total_elapsed_virtual_time: 1.000000
elapsed_time: 498.298840
