overhead ratio: 8.967919
total_elapsed_virtual_time: 0.050000
elapsed_time: 0.448396
