overhead ratio: 13.372097
total_elapsed_virtual_time: 0.050000
elapsed_time: 0.668605
