overhead ratio: 15.269537
total_elapsed_virtual_time: 0.050000
elapsed_time: 0.763477
