overhead ratio: 43.406072
total_elapsed_virtual_time: 2.000000
elapsed_time: 86.812145
