overhead ratio: 25.027180
total_elapsed_virtual_time: 1.000000
elapsed_time: 25.027180
