overhead ratio: 2.966199
total_elapsed_virtual_time: 0.050000
elapsed_time: 0.148310
