overhead ratio: 247.676605
total_elapsed_virtual_time: 0.200000
elapsed_time: 49.535321
