overhead ratio: 5.458563
total_elapsed_virtual_time: 2.000000
elapsed_time: 10.917126
