overhead ratio: 4.617863
total_elapsed_virtual_time: 0.050000
elapsed_time: 0.230893
