overhead ratio: 5.455413
total_elapsed_virtual_time: 2.000000
elapsed_time: 10.910826
