overhead ratio: 102.207548
total_elapsed_virtual_time: 1.000000
elapsed_time: 102.207548
