overhead ratio: 9.277454
total_elapsed_virtual_time: 2.000000
elapsed_time: 18.554908
