overhead ratio: 12.412120
total_elapsed_virtual_time: 0.200000
elapsed_time: 2.482424
