overhead ratio: 8.174312
total_elapsed_virtual_time: 1.000000
elapsed_time: 8.174312
