overhead ratio: 237.597460
total_elapsed_virtual_time: 0.200000
elapsed_time: 47.519492
