overhead ratio: 12.766418
total_elapsed_virtual_time: 0.050000
elapsed_time: 0.638321
