overhead ratio: 1.736835
total_elapsed_virtual_time: 0.200000
elapsed_time: 0.347367
