overhead ratio: 31.433126
total_elapsed_virtual_time: 0.200000
elapsed_time: 6.286625
