overhead ratio: 1.488731
total_elapsed_virtual_time: 2.000000
elapsed_time: 2.977462
