overhead ratio: 1.249089
total_elapsed_virtual_time: 0.200000
elapsed_time: 0.249818
