overhead ratio: 12.471106
total_elapsed_virtual_time: 0.200000
elapsed_time: 2.494221
