overhead ratio: 30.236845
total_elapsed_virtual_time: 0.200000
elapsed_time: 6.047369
