overhead ratio: 0.920238
total_elapsed_virtual_time: 0.050000
elapsed_time: 0.046012
