overhead ratio: 359.578791
total_elapsed_virtual_time: 0.200000
elapsed_time: 71.915758
