overhead ratio: 242.503077
total_elapsed_virtual_time: 1.000000
elapsed_time: 242.503077
