overhead ratio: 57.862520
total_elapsed_virtual_time: 0.050000
elapsed_time: 2.893126
