overhead ratio: 56.945341
total_elapsed_virtual_time: 0.200000
elapsed_time: 11.389068
