overhead ratio: 92.752576
total_elapsed_virtual_time: 0.050000
elapsed_time: 4.637629
