overhead ratio: 4.853759
total_elapsed_virtual_time: 0.050000
elapsed_time: 0.242688
