overhead ratio: 13.495237
total_elapsed_virtual_time: 0.400000
elapsed_time: 5.398095
