overhead ratio: 46.714107
total_elapsed_virtual_time: 1.000000
elapsed_time: 46.714107
