overhead ratio: 537.623609
total_elapsed_virtual_time: 0.200000
elapsed_time: 107.524722
