overhead ratio: 68.040362
total_elapsed_virtual_time: 2.000000
elapsed_time: 136.080724
