overhead ratio: 5.641212
total_elapsed_virtual_time: 2.000000
elapsed_time: 11.282425
