overhead ratio: 7.439901
total_elapsed_virtual_time: 0.200000
elapsed_time: 1.487980
