overhead ratio: 489.156260
total_elapsed_virtual_time: 0.050000
elapsed_time: 24.457813
