overhead ratio: 5.241535
total_elapsed_virtual_time: 0.200000
elapsed_time: 1.048307
