overhead ratio: 16.038206
total_elapsed_virtual_time: 0.200000
elapsed_time: 3.207641
