overhead ratio: 152.808008
total_elapsed_virtual_time: 2.000000
elapsed_time: 305.616017
