overhead ratio: 534.086474
total_elapsed_virtual_time: 0.200000
elapsed_time: 106.817295
