overhead ratio: 46.106162
total_elapsed_virtual_time: 0.050000
elapsed_time: 2.305308
