overhead ratio: 9.315411
total_elapsed_virtual_time: 1.000000
elapsed_time: 9.315411
