overhead ratio: 110.140281
total_elapsed_virtual_time: 0.050000
elapsed_time: 5.507014
