overhead ratio: 1.266360
total_elapsed_virtual_time: 0.200000
elapsed_time: 0.253272
