overhead ratio: 11.941725
total_elapsed_virtual_time: 2.000000
elapsed_time: 23.883449
