overhead ratio: 6.725390
total_elapsed_virtual_time: 0.200000
elapsed_time: 1.345078
