overhead ratio: 189.266982
total_elapsed_virtual_time: 0.050000
elapsed_time: 9.463349
