overhead ratio: 4.822478
total_elapsed_virtual_time: 0.050000
elapsed_time: 0.241124
