overhead ratio: 1.795540
total_elapsed_virtual_time: 0.200000
elapsed_time: 0.359108
