overhead ratio: 2.398179
total_elapsed_virtual_time: 2.000000
elapsed_time: 4.796358
