overhead ratio: 5.481339
total_elapsed_virtual_time: 0.050000
elapsed_time: 0.274067
