overhead ratio: 1.806365
total_elapsed_virtual_time: 0.200000
elapsed_time: 0.361273
