overhead ratio: 9.328504
total_elapsed_virtual_time: 1.000000
elapsed_time: 9.328504
