overhead ratio: 32.977561
total_elapsed_virtual_time: 2.000000
elapsed_time: 65.955122
