overhead ratio: 8.149699
total_elapsed_virtual_time: 1.000000
elapsed_time: 8.149699
