overhead ratio: 786.452210
total_elapsed_virtual_time: 0.200000
elapsed_time: 157.290442
