overhead ratio: 107.425761
total_elapsed_virtual_time: 0.050000
elapsed_time: 5.371288
