overhead ratio: 2.087138
total_elapsed_virtual_time: 1.000000
elapsed_time: 2.087138
