overhead ratio: 2.706349
total_elapsed_virtual_time: 2.000000
elapsed_time: 5.412697
