overhead ratio: 31.375425
total_elapsed_virtual_time: 0.200000
elapsed_time: 6.275085
