overhead ratio: 11.649399
total_elapsed_virtual_time: 0.050000
elapsed_time: 0.582470
