overhead ratio: 1.177704
total_elapsed_virtual_time: 1.000000
elapsed_time: 1.177704
