overhead ratio: 7.369009
total_elapsed_virtual_time: 0.200000
elapsed_time: 1.473802
