overhead ratio: 1.740100
total_elapsed_virtual_time: 0.200000
elapsed_time: 0.348020
