overhead ratio: 10.066950
total_elapsed_virtual_time: 2.000000
elapsed_time: 20.133900
