overhead ratio: 0.887580
total_elapsed_virtual_time: 0.050000
elapsed_time: 0.044379
