overhead ratio: 5.327039
total_elapsed_virtual_time: 0.050000
elapsed_time: 0.266352
