overhead ratio: 5.587705
total_elapsed_virtual_time: 0.200000
elapsed_time: 1.117541
