overhead ratio: 487.571459
total_elapsed_virtual_time: 0.050000
elapsed_time: 24.378573
