overhead ratio: 273.273993
total_elapsed_virtual_time: 2.000000
elapsed_time: 546.547987
