overhead ratio: 47.860933
total_elapsed_virtual_time: 1.000000
elapsed_time: 47.860933
