overhead ratio: 238.609012
total_elapsed_virtual_time: 1.000000
elapsed_time: 238.609012
