overhead ratio: 97.776418
total_elapsed_virtual_time: 1.000000
elapsed_time: 97.776418
