overhead ratio: 1.554450
total_elapsed_virtual_time: 0.200000
elapsed_time: 0.310890
