overhead ratio: 67.424015
total_elapsed_virtual_time: 0.200000
elapsed_time: 13.484803
