overhead ratio: 8.210410
total_elapsed_virtual_time: 0.200000
elapsed_time: 1.642082
