overhead ratio: 2.889023
total_elapsed_virtual_time: 0.050000
elapsed_time: 0.144451
