overhead ratio: 8.750715
total_elapsed_virtual_time: 2.000000
elapsed_time: 17.501431
