overhead ratio: 42.496772
total_elapsed_virtual_time: 2.000000
elapsed_time: 84.993545
