overhead ratio: 1.445886
total_elapsed_virtual_time: 2.000000
elapsed_time: 2.891773
