overhead ratio: 12.726421
total_elapsed_virtual_time: 0.050000
elapsed_time: 0.636321
