overhead ratio: 37.384770
total_elapsed_virtual_time: 0.200000
elapsed_time: 7.476954
