overhead ratio: 59.550896
total_elapsed_virtual_time: 0.200000
elapsed_time: 11.910179
