overhead ratio: 96.945170
total_elapsed_virtual_time: 0.200000
elapsed_time: 19.389034
