overhead ratio: 7.110658
total_elapsed_virtual_time: 0.050000
elapsed_time: 0.355533
