overhead ratio: 9.618177
total_elapsed_virtual_time: 0.050000
elapsed_time: 0.480909
