overhead ratio: 488.156847
total_elapsed_virtual_time: 1.000000
elapsed_time: 488.156847
