overhead ratio: 2.254886
total_elapsed_virtual_time: 1.000000
elapsed_time: 2.254886
