overhead ratio: 19.388546
total_elapsed_virtual_time: 0.200000
elapsed_time: 3.877709
