overhead ratio: 19.786895
total_elapsed_virtual_time: 2.000000
elapsed_time: 39.573790
