overhead ratio: 49.346900
total_elapsed_virtual_time: 0.050000
elapsed_time: 2.467345
