overhead ratio: 19.533525
total_elapsed_virtual_time: 2.000000
elapsed_time: 39.067049
