overhead ratio: 358.731605
total_elapsed_virtual_time: 0.200000
elapsed_time: 71.746321
