overhead ratio: 5.667090
total_elapsed_virtual_time: 0.200000
elapsed_time: 1.133418
