overhead ratio: 133.092315
total_elapsed_virtual_time: 2.000000
elapsed_time: 266.184631
