overhead ratio: 12.400030
total_elapsed_virtual_time: 0.200000
elapsed_time: 2.480006
