overhead ratio: 10.934138
total_elapsed_virtual_time: 0.050000
elapsed_time: 0.546707
