overhead ratio: 56.951630
total_elapsed_virtual_time: 0.200000
elapsed_time: 11.390326
