overhead ratio: 484.427981
total_elapsed_virtual_time: 0.050000
elapsed_time: 24.221399
