overhead ratio: 22.492142
total_elapsed_virtual_time: 0.050000
elapsed_time: 1.124607
