overhead ratio: 6.647396
total_elapsed_virtual_time: 0.200000
elapsed_time: 1.329479
