overhead ratio: 1.247799
total_elapsed_virtual_time: 0.200000
elapsed_time: 0.249560
