overhead ratio: 3.523960
total_elapsed_virtual_time: 0.050000
elapsed_time: 0.176198
