overhead ratio: 165.517547
total_elapsed_virtual_time: 1.000000
elapsed_time: 165.517547
