overhead ratio: 7.392310
total_elapsed_virtual_time: 0.200000
elapsed_time: 1.478462
