overhead ratio: 5.854321
total_elapsed_virtual_time: 0.050000
elapsed_time: 0.292716
