overhead ratio: 32.107420
total_elapsed_virtual_time: 0.200000
elapsed_time: 6.421484
