overhead ratio: 0.934401
total_elapsed_virtual_time: 0.050000
elapsed_time: 0.046720
