overhead ratio: 19.345984
total_elapsed_virtual_time: 0.200000
elapsed_time: 3.869197
