overhead ratio: 97.175175
total_elapsed_virtual_time: 0.200000
elapsed_time: 19.435035
