overhead ratio: 1.026168
total_elapsed_virtual_time: 1.000000
elapsed_time: 1.026168
