overhead ratio: 12.700639
total_elapsed_virtual_time: 0.050000
elapsed_time: 0.635032
