overhead ratio: 2.035459
total_elapsed_virtual_time: 0.200000
elapsed_time: 0.407092
