overhead ratio: 1.396130
total_elapsed_virtual_time: 0.200000
elapsed_time: 0.279226
