overhead ratio: 1.142702
total_elapsed_virtual_time: 2.000000
elapsed_time: 2.285403
