overhead ratio: 4.242768
total_elapsed_virtual_time: 1.000000
elapsed_time: 4.242768
