overhead ratio: 68.349522
total_elapsed_virtual_time: 1.000000
elapsed_time: 68.349522
