overhead ratio: 3.024540
total_elapsed_virtual_time: 0.050000
elapsed_time: 0.151227
