overhead ratio: 101.139147
total_elapsed_virtual_time: 1.000000
elapsed_time: 101.139147
