overhead ratio: 67.361410
total_elapsed_virtual_time: 0.200000
elapsed_time: 13.472282
