overhead ratio: 17.856239
total_elapsed_virtual_time: 1.000000
elapsed_time: 17.856239
