overhead ratio: 25.574902
total_elapsed_virtual_time: 1.000000
elapsed_time: 25.574902
