overhead ratio: 3.464522
total_elapsed_virtual_time: 0.050000
elapsed_time: 0.173226
