overhead ratio: 10.039091
total_elapsed_virtual_time: 2.000000
elapsed_time: 20.078182
