overhead ratio: 1.796169
total_elapsed_virtual_time: 0.200000
elapsed_time: 0.359234
