overhead ratio: 357.145644
total_elapsed_virtual_time: 0.200000
elapsed_time: 71.429129
