overhead ratio: 16.938831
total_elapsed_virtual_time: 0.200000
elapsed_time: 3.387766
