overhead ratio: 11.684980
total_elapsed_virtual_time: 0.050000
elapsed_time: 0.584249
