overhead ratio: 16.116534
total_elapsed_virtual_time: 0.200000
elapsed_time: 3.223307
