overhead ratio: 164.668928
total_elapsed_virtual_time: 1.000000
elapsed_time: 164.668928
