overhead ratio: 12.039685
total_elapsed_virtual_time: 2.000000
elapsed_time: 24.079369
