overhead ratio: 37.254175
total_elapsed_virtual_time: 0.200000
elapsed_time: 7.450835
