overhead ratio: 132.756461
total_elapsed_virtual_time: 2.000000
elapsed_time: 265.512922
