overhead ratio: 11.653871
total_elapsed_virtual_time: 2.000000
elapsed_time: 23.307742
