overhead ratio: 13.910761
total_elapsed_virtual_time: 0.050000
elapsed_time: 0.695538
