overhead ratio: 190.169916
total_elapsed_virtual_time: 0.050000
elapsed_time: 9.508496
