overhead ratio: 1.537180
total_elapsed_virtual_time: 0.200000
elapsed_time: 0.307436
