overhead ratio: 7.012563
total_elapsed_virtual_time: 0.050000
elapsed_time: 0.350628
