overhead ratio: 2.006119
total_elapsed_virtual_time: 0.200000
elapsed_time: 0.401224
