overhead ratio: 2.570056
total_elapsed_virtual_time: 1.000000
elapsed_time: 2.570056
