overhead ratio: 68.229949
total_elapsed_virtual_time: 2.000000
elapsed_time: 136.459899
