overhead ratio: 7.513269
total_elapsed_virtual_time: 0.200000
elapsed_time: 1.502654
