overhead ratio: 319.903082
total_elapsed_virtual_time: 0.400000
elapsed_time: 127.961233
