overhead ratio: 11.016694
total_elapsed_virtual_time: 1.000000
elapsed_time: 11.016694
