overhead ratio: 11.787100
total_elapsed_virtual_time: 0.200000
elapsed_time: 2.357420
