overhead ratio: 1.502320
total_elapsed_virtual_time: 2.000000
elapsed_time: 3.004640
