overhead ratio: 1.345869
total_elapsed_virtual_time: 0.200000
elapsed_time: 0.269174
