overhead ratio: 238.338232
total_elapsed_virtual_time: 1.000000
elapsed_time: 238.338232
