overhead ratio: 5.616699
total_elapsed_virtual_time: 0.200000
elapsed_time: 1.123340
