overhead ratio: 66.875918
total_elapsed_virtual_time: 2.000000
elapsed_time: 133.751836
