overhead ratio: 67.698678
total_elapsed_virtual_time: 1.000000
elapsed_time: 67.698678
