overhead ratio: 4.468378
total_elapsed_virtual_time: 2.000000
elapsed_time: 8.936756
