overhead ratio: 95.170244
total_elapsed_virtual_time: 0.200000
elapsed_time: 19.034049
