overhead ratio: 4.357755
total_elapsed_virtual_time: 1.000000
elapsed_time: 4.357755
