overhead ratio: 21.128483
total_elapsed_virtual_time: 0.050000
elapsed_time: 1.056424
