overhead ratio: 12.036588
total_elapsed_virtual_time: 2.000000
elapsed_time: 24.073176
