overhead ratio: 11.618810
total_elapsed_virtual_time: 0.200000
elapsed_time: 2.323762
