overhead ratio: 238.263069
total_elapsed_virtual_time: 0.200000
elapsed_time: 47.652614
