overhead ratio: 191.321282
total_elapsed_virtual_time: 0.050000
elapsed_time: 9.566064
