overhead ratio: 1.540716
total_elapsed_virtual_time: 0.200000
elapsed_time: 0.308143
