overhead ratio: 67.644955
total_elapsed_virtual_time: 0.200000
elapsed_time: 13.528991
