overhead ratio: 11.737325
total_elapsed_virtual_time: 0.200000
elapsed_time: 2.347465
