overhead ratio: 789.662145
total_elapsed_virtual_time: 0.200000
elapsed_time: 157.932429
