overhead ratio: 15.198121
total_elapsed_virtual_time: 0.050000
elapsed_time: 0.759906
