overhead ratio: 42.498759
total_elapsed_virtual_time: 2.000000
elapsed_time: 84.997517
