overhead ratio: 245.652133
total_elapsed_virtual_time: 2.000000
elapsed_time: 491.304265
