overhead ratio: 1.353015
total_elapsed_virtual_time: 0.200000
elapsed_time: 0.270603
