overhead ratio: 489.126367
total_elapsed_virtual_time: 1.000000
elapsed_time: 489.126367
