overhead ratio: 148.466575
total_elapsed_virtual_time: 2.000000
elapsed_time: 296.933150
