overhead ratio: 8.244640
total_elapsed_virtual_time: 0.200000
elapsed_time: 1.648928
