overhead ratio: 11.640301
total_elapsed_virtual_time: 0.200000
elapsed_time: 2.328060
