overhead ratio: 2.117946
total_elapsed_virtual_time: 2.000000
elapsed_time: 4.235893
