overhead ratio: 254.379603
total_elapsed_virtual_time: 2.000000
elapsed_time: 508.759205
