overhead ratio: 7.512817
total_elapsed_virtual_time: 0.050000
elapsed_time: 0.375641
