overhead ratio: 236.907128
total_elapsed_virtual_time: 2.000000
elapsed_time: 473.814257
