overhead ratio: 19.433974
total_elapsed_virtual_time: 0.200000
elapsed_time: 3.886795
