overhead ratio: 239.187990
total_elapsed_virtual_time: 1.000000
elapsed_time: 239.187990
