overhead ratio: 11.903231
total_elapsed_virtual_time: 2.000000
elapsed_time: 23.806462
