overhead ratio: 8.623190
total_elapsed_virtual_time: 0.200000
elapsed_time: 1.724638
