overhead ratio: 1.446571
total_elapsed_virtual_time: 2.000000
elapsed_time: 2.893142
