overhead ratio: 4.390278
total_elapsed_virtual_time: 0.050000
elapsed_time: 0.219514
