overhead ratio: 32.847010
total_elapsed_virtual_time: 2.000000
elapsed_time: 65.694019
