overhead ratio: 32.866454
total_elapsed_virtual_time: 2.000000
elapsed_time: 65.732907
