overhead ratio: 1.382245
total_elapsed_virtual_time: 0.200000
elapsed_time: 0.276449
