overhead ratio: 189.644217
total_elapsed_virtual_time: 0.050000
elapsed_time: 9.482211
