overhead ratio: 5.008113
total_elapsed_virtual_time: 1.000000
elapsed_time: 5.008113
