overhead ratio: 1.122905
total_elapsed_virtual_time: 2.000000
elapsed_time: 2.245810
