overhead ratio: 12.886287
total_elapsed_virtual_time: 1.000000
elapsed_time: 12.886287
