overhead ratio: 12.467498
total_elapsed_virtual_time: 0.400000
elapsed_time: 4.986999
