overhead ratio: 48.374577
total_elapsed_virtual_time: 0.050000
elapsed_time: 2.418729
