overhead ratio: 9.141272
total_elapsed_virtual_time: 2.000000
elapsed_time: 18.282545
