overhead ratio: 5.933561
total_elapsed_virtual_time: 0.050000
elapsed_time: 0.296678
