overhead ratio: 55.456060
total_elapsed_virtual_time: 0.200000
elapsed_time: 11.091212
