overhead ratio: 1.566395
total_elapsed_virtual_time: 0.200000
elapsed_time: 0.313279
