overhead ratio: 11.067142
total_elapsed_virtual_time: 1.000000
elapsed_time: 11.067142
