overhead ratio: 5.324082
total_elapsed_virtual_time: 0.050000
elapsed_time: 0.266204
