overhead ratio: 9.062200
total_elapsed_virtual_time: 0.050000
elapsed_time: 0.453110
