overhead ratio: 98.894215
total_elapsed_virtual_time: 1.000000
elapsed_time: 98.894215
