overhead ratio: 32.677370
total_elapsed_virtual_time: 2.000000
elapsed_time: 65.354740
