overhead ratio: 14.851999
total_elapsed_virtual_time: 0.050000
elapsed_time: 0.742600
