overhead ratio: 45.250229
total_elapsed_virtual_time: 2.000000
elapsed_time: 90.500458
