overhead ratio: 3.499603
total_elapsed_virtual_time: 0.050000
elapsed_time: 0.174980
