overhead ratio: 12.516737
total_elapsed_virtual_time: 0.050000
elapsed_time: 0.625837
