overhead ratio: 1.255209
total_elapsed_virtual_time: 0.200000
elapsed_time: 0.251042
