overhead ratio: 9.276284
total_elapsed_virtual_time: 1.000000
elapsed_time: 9.276284
