overhead ratio: 236.590160
total_elapsed_virtual_time: 0.200000
elapsed_time: 47.318032
