overhead ratio: 12.786428
total_elapsed_virtual_time: 0.400000
elapsed_time: 5.114571
