overhead ratio: 4.490785
total_elapsed_virtual_time: 2.000000
elapsed_time: 8.981571
