overhead ratio: 41.771193
total_elapsed_virtual_time: 0.400000
elapsed_time: 16.708477
