overhead ratio: 19.359690
total_elapsed_virtual_time: 0.200000
elapsed_time: 3.871938
