overhead ratio: 67.779250
total_elapsed_virtual_time: 2.000000
elapsed_time: 135.558500
