overhead ratio: 10.945272
total_elapsed_virtual_time: 1.000000
elapsed_time: 10.945272
