overhead ratio: 42.574127
total_elapsed_virtual_time: 2.000000
elapsed_time: 85.148255
