overhead ratio: 5.956879
total_elapsed_virtual_time: 0.050000
elapsed_time: 0.297844
