overhead ratio: 8.650875
total_elapsed_virtual_time: 0.200000
elapsed_time: 1.730175
