overhead ratio: 69.195348
total_elapsed_virtual_time: 1.000000
elapsed_time: 69.195348
