overhead ratio: 7.930861
total_elapsed_virtual_time: 0.050000
elapsed_time: 0.396543
