overhead ratio: 93.107901
total_elapsed_virtual_time: 0.050000
elapsed_time: 4.655395
