overhead ratio: 26.446100
total_elapsed_virtual_time: 1.000000
elapsed_time: 26.446100
