overhead ratio: 67.304320
total_elapsed_virtual_time: 2.000000
elapsed_time: 134.608639
