overhead ratio: 17.586658
total_elapsed_virtual_time: 1.000000
elapsed_time: 17.586658
