overhead ratio: 8.298314
total_elapsed_virtual_time: 1.000000
elapsed_time: 8.298314
