overhead ratio: 1.699665
total_elapsed_virtual_time: 0.200000
elapsed_time: 0.339933
