overhead ratio: 10.075503
total_elapsed_virtual_time: 2.000000
elapsed_time: 20.151007
