overhead ratio: 5.609965
total_elapsed_virtual_time: 2.000000
elapsed_time: 11.219930
