overhead ratio: 1.485864
total_elapsed_virtual_time: 2.000000
elapsed_time: 2.971728
