overhead ratio: 8.482156
total_elapsed_virtual_time: 0.050000
elapsed_time: 0.424108
