overhead ratio: 54.901539
total_elapsed_virtual_time: 0.200000
elapsed_time: 10.980308
