overhead ratio: 243.648525
total_elapsed_virtual_time: 0.200000
elapsed_time: 48.729705
