overhead ratio: 7.431459
total_elapsed_virtual_time: 0.050000
elapsed_time: 0.371573
