overhead ratio: 54.616537
total_elapsed_virtual_time: 0.050000
elapsed_time: 2.730827
