overhead ratio: 493.493257
total_elapsed_virtual_time: 1.000000
elapsed_time: 493.493257
