overhead ratio: 0.827179
total_elapsed_virtual_time: 0.050000
elapsed_time: 0.041359
