overhead ratio: 11.132110
total_elapsed_virtual_time: 2.000000
elapsed_time: 22.264221
