overhead ratio: 54.732499
total_elapsed_virtual_time: 0.050000
elapsed_time: 2.736625
