overhead ratio: 12.215352
total_elapsed_virtual_time: 1.000000
elapsed_time: 12.215352
