overhead ratio: 30.919275
total_elapsed_virtual_time: 0.200000
elapsed_time: 6.183855
