overhead ratio: 26.617162
total_elapsed_virtual_time: 1.000000
elapsed_time: 26.617162
