overhead ratio: 155.782234
total_elapsed_virtual_time: 1.000000
elapsed_time: 155.782234
