overhead ratio: 358.832140
total_elapsed_virtual_time: 0.200000
elapsed_time: 71.766428
