overhead ratio: 11.105960
total_elapsed_virtual_time: 2.000000
elapsed_time: 22.211921
