overhead ratio: 2.825770
total_elapsed_virtual_time: 2.000000
elapsed_time: 5.651540
