overhead ratio: 17.364140
total_elapsed_virtual_time: 0.200000
elapsed_time: 3.472828
