overhead ratio: 1.027937
total_elapsed_virtual_time: 1.000000
elapsed_time: 1.027937
